$ANSIBLE_VAULT;1.1;AES256
37303736323131396536383363323933663436363335653061343365643832353036383035666665
3663643136613130343266616462646633653930626434620a393533626166633130643666396336
38653562666538346434663535333864346639343134396539616261386463663733393063373330
3038303032383764330a376266336161366362386431333737363039363037653934636561376666
36396237303366613936663337393366623931653261366366656362663664663865316463393861
37383635346239383766363831323366333732643030613866393135633436343938316539663830
33336564623534333030346439646535386234323730626265323937336333303364633061313566
31306265613430373464633438313862666135613634393437303730366530333762656534336561
34323339316163656436656631626531633162623739313230323630333336363834376364306233
63373264373362366362316266376531333831333561613563306238333766343132616234313937
65326533633530353539653839353632633234343665613631623935363366623435383034633765
32343731643938333862646562643361326533333037343331623661663236313334346131356337
63323431626666383035393339633235326636666533626133633464356635666664333532333666
35366236306132383835353230386563373438653936373133333334636163623936376264323864
39626232656633626662363662336338363963303037303138303630356636643732613938306539
36343531613235363264336233616433376438363037326363363331326535623366633339333533
38343166376561333463333461393261663534343364383638323034646539643265306262303133
62356561353639613231643162363065623861313533313530343665653638313939306537663061
66386166353937613264613266613130636261626539643135396365326262656530393862373863
38623237336363313831633161313031323661393064373134656136343739313836353562316230
64613736353166656434343166313337373439663834616465356463613862356535393932313763
61623838633634353135613233313961643038323266623364643561323863313932356438653932
39373437393830623463373062623866663664653335366431343734636365303634613933343362
37643263313037666162
